8
c MerryGoRound1 4 5 3 5 10 6 6 6 8
h ConveyerBelt1 2 4 1 52 25 0
r FigureEightCoaster 11 9 1 1 15 23 12 9 13 9 14 9 15 9 15 8 15 7 15 6 14 6 13 6 12 6 12 7 12 8 12 9 12 10 12 11 12 12 11 12 10 12 9 12 9 11 9 10 9 9 10 9 
c MerryGoRound2 12 18 3 5 10 14 22 12 22
r SpiralCoaster 15 40 1 1 30 57 14 40 13 40 12 40 11 40 10 40 9 40 8 40 7 39 6 39 5 38 5 37 4 36 4 35 4 34 4 33 4 32 5 31 5 30 6 29 7 29 8 28 9 28 10 28 11 28 12 29 13 29 14 30 14 31 15 32 15 33 15 34 14 35 14 36 13 37 12 37 11 38 10 38 9 38 8 37 7 36 6 35 6 34 6 33 7 32 8 31 9 30 10 30 11 31 12 32 12 33 12 34 11 35 10 35 9 35 8 34 9 33 10 33 
c TiltAWhirl 8 45 5 4 20 8 45 9 45
h ConveyerBelt2 17 4 1 52 25 1
r TripleLoopCoaster 5 24 1 1 15 41 5 25 6 26 7 26 8 26 9 25 9 24 9 23 9 22 8 21 7 21 6 21 5 22 5 23 5 24 5 25 6 26 7 26 8 26 9 25 9 24 9 23 9 22 8 21 7 21 6 21 5 22 5 23 5 24 5 25 6 26 7 26 8 26 9 25 9 24 9 23 9 22 8 21 7 21 6 21 5 22 5 23 

0