8
c	MerryGoRound1      04 05 03 05  10   06 06  06 08
h	ConveyerBelt1      02 04 01 52  25   0
r	FigureEightCoaster 11 09 01 01  15   23  12 09  13 09  14 09  15 09  15 08  15 07  15 06  14 06  13 06  12 06  12 07  12 08  12 09  12 10  12 11  12 12  11 12  10 12  09 12  09 11  09 10  09 09  10 09
c	MerryGoRound2      12 18 03 05  10   14 22  12 22
r	SpiralCoaster      15 40 01 01  30   57  14 40  13 40  12 40  11 40  10 40  09 40  08 40  07 39  06 39  05 38  05 37  04 36  04 35  04 34  04 33  04 32  05 31  05 30  06 29  07 29  08 28  09 28  10 28  11 28  12 29  13 29  14 30  14 31  15 32  15 33  15 34  14 35  14 36  13 37  12 37  11 38  10 38  09 38  08 37  07 36  06 35  06 34  06 33  07 32  08 31  09 30  10 30  11 31  12 32  12 33  12 34  11 35  10 35  09 35  08 34  09 33  10 33
c	TiltAWhirl         08 45 05 04  20   08 45  09 45
h	ConveyerBelt2      17 04 01 52  25   1
r	TripleLoopCoaster  05 24 01 01  15   41  05 25  06 26  07 26  08 26  09 25  09 24  09 23  09 22  08 21  07 21  06 21  05 22  05 23  05 24  05 25  06 26  07 26  08 26  09 25  09 24  09 23  09 22  08 21  07 21  06 21  05 22  05 23  05 24  05 25  06 26  07 26  08 26  09 25  09 24  09 23  09 22  08 21  07 21  06 21  05 22  05 23

50
A 005 05 24 00 0
B 009 14 17 02 0
C 013 07 52 03 0
D 017 18 39 00 0
E 021 12 45 02 0
F 025 06 21 03 0
G 029 19 12 00 0
H 033 08 07 02 0
I 037 15 01 03 0
J 041 11 53 00 0
K 045 09 10 02 0
L 049 13 42 03 0
M 053 16 33 00 0
N 057 17 57 02 0
O 061 10 02 03 0

a 065 06 04 00 0
b 069 19 57 00 0
c 073 08 32 00 0
d 077 15 19 00 0
e 081 11 25 00 0
f 085 09 01 02 0
g 089 13 52 02 0
h 093 16 47 02 0
i 097 17 41 02 0
j 101 10 33 02 0
k 105 05 50 03 0
l 109 14 22 03 0
m 113 07 13 03 0
n 117 18 37 03 0
o 121 12 42 03 0

z 000 01 01 01 0
z 010 01 02 01 0
z 020 01 03 01 0
z 030 01 04 01 0
z 040 01 05 01 0
z 050 01 06 01 0
z 060 01 07 01 0
z 070 01 08 01 0
z 080 01 09 01 0
z 090 01 10 01 0

Z 100 02 38 04 0
Z 110 02 40 04 0
Z 120 02 42 04 0
Z 130 02 44 04 0
Z 140 02 46 04 0
Z 150 02 48 04 0
Z 160 02 50 04 0
Z 170 02 52 04 0
Z 180 02 54 04 0
Z 190 02 56 04 0